1	0.6295514511873351	0.28152683299700315
2	0.6638522427440633	0.3270486911040025
3	0.7145118733509235	0.46953870032811573
4	0.7361477572559367	0.5957988478610314
5	0.7382585751978892	0.572867304093943
6	0.749868073878628	0.637940819706531
7	0.7319261213720316	0.5813366654914983
8	0.7551451187335092	0.6373242292685153
9	0.7477572559366754	0.6425027286305609
10	0.7604221635883905	0.6411993729110774
11	0.7588390501319261	0.6336693158120581
12	0.7614775725593668	0.6464417297000645
13	0.7482849604221636	0.6365690269010089
14	0.7467018469656992	0.6195526777178471
15	0.7519788918205804	0.6321064791209681
16	0.7551451187335092	0.6336416036435347
17	0.7387862796833773	0.6095420641892898
18	0.754089709762533	0.6323077778152761
19	0.7488126649076517	0.6304902440858351
20	0.7467018469656992	0.6155856804677132
21	0.7435356200527704	0.6202606434021399
22	0.7519788918205804	0.6197389444196562
23	0.7477572559366754	0.6085960191862523
