1	0.7775847089487402	0.1833304577869795
2	0.8245004344048653	0.2692569940691243
3	0.840139009556907	0.33729667322614126
4	0.8366637706342311	0.3611423643195461
5	0.8331885317115552	0.347193919427048
6	0.8444830582102519	0.4017528399025495
7	0.8366637706342311	0.5072274678637608
8	0.840139009556907	0.3962090972389346
9	0.8505647263249348	0.4858374387050857
10	0.8410078192875761	0.4012374342484272
11	0.8470894874022589	0.5130314625848924
12	0.8410078192875761	0.5282065272628391
13	0.8496959165942659	0.5298062197101416
14	0.8514335360556038	0.4590369624989299
15	0.841876629018245	0.47494568209468213
16	0.8340573414422241	0.47844873707549745
17	0.8349261511728931	0.47151732444992367
18	0.8392701998262381	0.48253898127515304
19	0.840139009556907	0.4517939436449605
20	0.8245004344048653	0.49507814147297713
21	0.8288444830582102	0.5308750868014624
22	0.8375325803649001	0.46724169601919285
23	0.8245004344048653	0.5100317642081418
24	0.8201563857515204	0.47577918657841395
25	0.8392701998262381	0.48616212503430944
26	0.8149435273675065	0.5033255132729413
27	0.8262380538662033	0.5039553585440258
28	0.838401390095569	0.5028371132716349
29	0.8349261511728931	0.5031152060778906
30	0.8305821025195482	0.4869374332452919
31	0.8288444830582102	0.5022808128096381
32	0.8271068635968722	0.49781887325389224
