1	0.7948453608247422	0.18402476711354188
2	0.8206185567010309	0.21198523760844298
3	0.8278350515463917	0.2812829430022013
4	0.831958762886598	0.2969668828401474
5	0.7969072164948454	0.23508184523809522
6	0.8195876288659794	0.26446777307901265
7	0.8329896907216495	0.3650597560868536
8	0.8329896907216495	0.3275602892192243
9	0.8288659793814434	0.3821931642712221
10	0.8134020618556701	0.430919064420159
11	0.8257731958762886	0.42361860076771185
12	0.8371134020618557	0.39986233923380843
13	0.8216494845360824	0.400635593257328
14	0.8371134020618557	0.4164669262162338
15	0.8072164948453608	0.4161303274427176
16	0.8257731958762886	0.4415448513393074
17	0.8288659793814434	0.45349790661394745
18	0.8206185567010309	0.43366515455165155
19	0.7958762886597938	0.4384949479589514
20	0.7639175257731958	0.4819809451938837
21	0.8288659793814434	0.49920349416549953
22	0.8134020618556701	0.5129776764974856
23	0.8144329896907216	0.47201904519195814
24	0.8175257731958763	0.4705700899042779
25	0.8195876288659794	0.43109856083918535
26	0.8164948453608247	0.43760385741605756
27	0.8268041237113402	0.45393957602296314
28	0.8175257731958763	0.43350616323533514
29	0.8216494845360824	0.4039725204233685
30	0.8103092783505155	0.4521477721126693
31	0.8237113402061855	0.39129971298896526
32	0.8268041237113402	0.48557818330279073
33	0.8154639175257732	0.4551878981600812
