1	0.5756596661281637	0.2136406550723789
2	0.6440495422724825	0.27670029133622903
3	0.6655896607431341	0.33643133968817873
4	0.6903607969843835	0.38171111037897587
5	0.708131394722671	0.4339055968101152
6	0.7388260635433495	0.5396686311083064
7	0.745288099084545	0.5873152196201697
8	0.7539041464728056	0.6017340917954141
9	0.7517501346257405	0.6122057145541678
10	0.7474421109316102	0.6000071245802412
11	0.7652127086698977	0.6346353970555836
12	0.7404415724286484	0.591274251882714
13	0.7630586968228326	0.6507989196838824
14	0.7582121701669359	0.6086246030022616
15	0.7662897145934303	0.6389664105865451
16	0.7749057619816909	0.6566791263490688
17	0.7738287560581584	0.6527724040536685
18	0.7571351642434033	0.629185755475887
19	0.7512116316639742	0.6252727312022472
20	0.7582121701669359	0.6328423701895185
21	0.7630586968228326	0.6546776552686357
22	0.7679052234787291	0.650324808108176
23	0.7668282175551966	0.6483995706262822
24	0.7641357027463651	0.6407478745157652
25	0.7609046849757674	0.64231725593503
26	0.7630586968228326	0.6433801813856458
27	0.7738287560581584	0.6582010825823512
28	0.7641357027463651	0.6501170778216856
29	0.7603661820140011	0.6366115042127368
30	0.7641357027463651	0.6511750524423081
31	0.7684437264404954	0.6543881495999143
32	0.7506731287022078	0.6245118979765603
33	0.7630586968228326	0.6482364083547492
34	0.7652127086698977	0.643710269440793
35	0.7684437264404954	0.656127227574616
36	0.7533656435110393	0.6322570572794048
37	0.7657512116316639	0.6532524949272798
38	0.7705977382875606	0.6559071797015112
