1	0.7374551971326165	0.10611139762764311
2	0.7311827956989247	0.11910511363636364
3	0.7831541218637993	0.1958592464665339
4	0.7840501792114696	0.1973212347706275
5	0.7840501792114696	0.20944031476725847
6	0.7831541218637993	0.19691280636870806
7	0.7768817204301075	0.2165181433808237
8	0.7876344086021505	0.21861073725502417
9	0.7885304659498208	0.23897834963523473
10	0.7867383512544803	0.27136666173069035
11	0.7885304659498208	0.2885489009142278
12	0.7786738351254481	0.303874798356084
13	0.7903225806451613	0.293451121066676
14	0.78584229390681	0.3897195474369376
15	0.7939068100358423	0.3208664372399824
16	0.7983870967741935	0.3324884533061435
17	0.793010752688172	0.3910170181445009
18	0.7956989247311828	0.31734888239811265
19	0.796594982078853	0.3120101277285121
20	0.8028673835125448	0.4065701663526446
21	0.8001792114695341	0.4098846632731481
22	0.8010752688172043	0.3947091682493796
23	0.8028673835125448	0.4291295428001
24	0.7921146953405018	0.4855894381023427
25	0.7921146953405018	0.36892174149195156
26	0.7983870967741935	0.43601139241250586
27	0.8028673835125448	0.41973149261461484
28	0.7983870967741935	0.41964413898178765
29	0.8028673835125448	0.41700333344654117
30	0.7956989247311828	0.42784668626494127
31	0.7912186379928315	0.4359293429425999
32	0.8001792114695341	0.3950570895708745
33	0.7992831541218638	0.4367097975555636
34	0.796594982078853	0.41525663132555973
35	0.8010752688172043	0.4270923198797
