1	0.7306985294117647	0.10554965480616038
2	0.7803308823529411	0.19509199240657044
3	0.78125	0.19322736901358378
4	0.7849264705882353	0.1988738717824908
5	0.7959558823529411	0.2177878123235316
6	0.7950367647058824	0.25454963602023273
7	0.7867647058823529	0.23411253123198156
8	0.8033088235294118	0.2827117332808887
9	0.7977941176470589	0.3296776533481738
10	0.8060661764705882	0.33257785026287623
11	0.8033088235294118	0.33964166336807844
12	0.7766544117647058	0.41397326986943395
13	0.8060661764705882	0.4473314906920552
14	0.7922794117647058	0.4141237525299236
15	0.8033088235294118	0.4467411499348062
16	0.8079044117647058	0.43491721240555725
17	0.8134191176470589	0.4433145601139069
18	0.8097426470588235	0.4606330834409999
19	0.8060661764705882	0.4925950108546949
20	0.8106617647058824	0.48679897332925903
21	0.8097426470588235	0.42068841156752806
22	0.8152573529411765	0.4909900534416717
23	0.8033088235294118	0.510863866104499
24	0.8106617647058824	0.5021391184351409
25	0.8005514705882353	0.522555981106878
26	0.8005514705882353	0.4760159603432056
27	0.7922794117647058	0.49893536209652123
28	0.8088235294117647	0.4958049575731305
29	0.8042279411764706	0.5224165173031785
30	0.8143382352941176	0.503687699471675
31	0.8014705882352942	0.5148939353622022
32	0.8060661764705882	0.5077982643147025
33	0.8023897058823529	0.5077107256003641
34	0.8042279411764706	0.5034453570030618
35	0.8143382352941176	0.5105080983543392
36	0.8042279411764706	0.522135252444544
