1	0.7682242990654206	0.10861522198731502
2	0.8158878504672897	0.20195644475920682
3	0.8252336448598131	0.20429902707771658
4	0.8214953271028037	0.21167222858049384
5	0.8355140186915888	0.2491017712007473
6	0.8392523364485981	0.26458107888630095
7	0.8327102803738318	0.29248384238434066
8	0.8308411214953271	0.31603460876027334
9	0.8345794392523365	0.34878570600187686
10	0.8532710280373832	0.37584948462466417
11	0.8345794392523365	0.41028613929302526
12	0.8439252336448598	0.4523021384658844
13	0.8411214953271028	0.3853231869361986
14	0.8373831775700935	0.4731205897496287
15	0.8514018691588785	0.4882874486782589
16	0.8420560747663551	0.5074820826000997
17	0.8439252336448598	0.5162633817360052
18	0.8514018691588785	0.5113483200587272
19	0.8514018691588785	0.5549745177978701
20	0.8411214953271028	0.5266196961260255
21	0.8364485981308412	0.5609888836742718
22	0.8532710280373832	0.5987290343639309
23	0.8429906542056075	0.49499604071158837
24	0.8383177570093457	0.542179499301565
25	0.8448598130841122	0.5744661595070926
26	0.8495327102803738	0.5370612129478896
27	0.8457943925233645	0.5842528542233264
28	0.8345794392523365	0.5667049293042451
29	0.8542056074766355	0.587831356598161
30	0.8495327102803738	0.5702546878863064
31	0.8420560747663551	0.5448936410318194
32	0.8420560747663551	0.5493951957254828
33	0.8467289719626169	0.5670164106932606
