1	0.7632590315142198	0.10821708805579773
2	0.7893927747886241	0.1906790143818446
3	0.7970791698693312	0.1958071230223129
4	0.8147578785549577	0.2038772122942502
5	0.8162951575710992	0.21202193717344295
6	0.8132205995388163	0.2094658614292393
7	0.8224442736356649	0.2810499508458744
8	0.8178324365872406	0.33297362708317135
9	0.8255188316679477	0.314485495890746
10	0.8285933897002306	0.3919303947697739
11	0.8186010760953113	0.4151577323161515
12	0.830130668716372	0.3942176986724859
13	0.8370484242890085	0.4427089147832533
14	0.8308993082244427	0.45032669327828334
15	0.8339738662567256	0.4845288681508809
16	0.8170637970791699	0.4614306437891615
17	0.8324365872405841	0.5024803679106524
18	0.8239815526518063	0.5032232336824438
19	0.8293620292083013	0.4714701716045252
20	0.8216756341275941	0.5265896620617719
21	0.824750192159877	0.49576785739845963
22	0.8270561106840891	0.5442931057688583
23	0.8162951575710992	0.5246528547712488
24	0.8232129131437356	0.49057017525371954
25	0.8278247501921598	0.512591063314013
26	0.824750192159877	0.5451634730413186
27	0.8255188316679477	0.4907824843786177
28	0.8285933897002306	0.5298175067907513
29	0.8262874711760184	0.49222664156714435
30	0.8224442736356649	0.5149241559543412
31	0.8232129131437356	0.517199928081546
32	0.8155265180630284	0.5147375496349558
33	0.8147578785549577	0.5157565931523757
34	0.8270561106840891	0.52262481606938
35	0.8278247501921598	0.5143319549548122
36	0.8239815526518063	0.5423028478670484
37	0.8262874711760184	0.5242661593369826
