1	0.6226510919248349	0.2821392859898883
2	0.6922295581513459	0.38444306466773714
3	0.7201625190452006	0.486561380593598
4	0.6983240223463687	0.5185238797831162
5	0.7379380396140173	0.5659124078819977
6	0.7511427120365668	0.6192610823753334
7	0.7465718638902996	0.6214728801604144
8	0.7465718638902996	0.5967687717578782
9	0.7562214321990859	0.634102611057979
10	0.7546978161503302	0.6381074890062695
11	0.7496190959878111	0.6223707434213943
12	0.7491112239715592	0.6096956982203338
13	0.7486033519553073	0.6101338639292646
14	0.7486033519553073	0.6253159011250409
15	0.7455561198577958	0.6301438818615288
16	0.7546978161503302	0.6351700645372138
17	0.7480954799390553	0.6280880935863595
18	0.7409852717115287	0.6173849680307812
19	0.7348908075165058	0.5959671305916039
20	0.7430167597765364	0.621772694083305
21	0.7516505840528187	0.6241980740707522
