1	0.6463595839524517	0.27908665679837563
2	0.6869737493808816	0.37508022182873246
3	0.7052996532937098	0.4558816418652216
4	0.7355126300148589	0.5787308786581438
5	0.7389796929172858	0.6097732567067844
6	0.736998514115899	0.5902282770657253
7	0.753838533927687	0.6288040470800823
8	0.7379891035165924	0.6106501796327243
9	0.7573055968301139	0.6425846222611469
10	0.7399702823179792	0.615857416291274
11	0.7409608717186726	0.627613676206219
12	0.7464091134224864	0.6328510886877249
13	0.7548291233283804	0.640715211051498
14	0.763744427934621	0.6502187345235485
15	0.7563150074294205	0.640348453420337
16	0.741951461119366	0.6176254627126716
17	0.7345220406141655	0.629819130258958
18	0.7498761763249133	0.6357426611297703
19	0.753838533927687	0.6378605416033911
20	0.7523526498266468	0.6305064115103913
21	0.7528479445269936	0.633624622576308
22	0.7558197127290738	0.6499614902164508
23	0.7582961862308073	0.6433642798069505
24	0.7469044081228331	0.6277131995506255
25	0.7498761763249133	0.6228088082521523
