1	0.6463595839524517	0.27718100223974307
2	0.6884596334819217	0.3708709719483242
3	0.7013372956909361	0.43588653061548477
4	0.7350173353145122	0.562103724135073
5	0.7350173353145122	0.5949525238889442
6	0.7384843982169391	0.5937201276845512
7	0.7612679544328875	0.6328808863120605
8	0.7508667657256067	0.6354362711071089
9	0.7528479445269936	0.6355757540986054
10	0.7449232293214463	0.6207709664481533
11	0.7464091134224864	0.6312346837330156
12	0.7459138187221397	0.6284763820445546
13	0.7508667657256067	0.6373528542125455
14	0.7582961862308073	0.6540104972757862
15	0.7642397226349678	0.6463368765855247
16	0.7612679544328875	0.6481982166314141
17	0.7434373452204062	0.6342500272213216
18	0.7528479445269936	0.6362132593051563
19	0.7573055968301139	0.6436102986520749
20	0.75037147102526	0.631997791277232
21	0.75037147102526	0.624318264685813
22	0.7578008915304606	0.641739496774866
23	0.7582961862308073	0.6348222866144138
24	0.7533432392273403	0.6359693194222218
25	0.7543338286280337	0.6247428602219516
