1	0.8136942675159236	0.22627226015172452
2	0.8144904458598726	0.30314379282722204
3	0.8375796178343949	0.3170589989769484
4	0.8383757961783439	0.36700070816839236
5	0.839968152866242	0.38630441438502083
6	0.8351910828025477	0.30926404185004897
7	0.8136942675159236	0.4246379236080047
8	0.839968152866242	0.4199349861324293
9	0.8343949044585988	0.4240657341288129
10	0.839171974522293	0.44541892252996923
11	0.8304140127388535	0.49783153727957147
12	0.8128980891719745	0.48392680771764485
13	0.8471337579617835	0.4731433169958904
14	0.839968152866242	0.4773787528867546
15	0.8328025477707006	0.45415947944654345
16	0.8367834394904459	0.43569532659484744
17	0.8407643312101911	0.4494427718052034
18	0.8328025477707006	0.46447684362273645
19	0.821656050955414	0.43428862858052864
20	0.8343949044585988	0.41688688998041323
21	0.839968152866242	0.4472182066556425
22	0.821656050955414	0.46106636367131115
