1	0.771505376344086	0.18884661849134396
2	0.7732974910394266	0.2783433789540469
3	0.7939068100358423	0.29602144516030526
4	0.7939068100358423	0.28548880022348433
5	0.8055555555555556	0.39357706434112083
6	0.7867383512544803	0.22608323164214428
7	0.8189964157706093	0.42361550830261024
8	0.8189964157706093	0.42138497941558584
9	0.8243727598566308	0.44964389631494994
10	0.807347670250896	0.39702600156195067
11	0.8145161290322581	0.5192204106034692
12	0.8234767025089605	0.5206127308925572
13	0.8216845878136201	0.5012643605280578
14	0.8136200716845878	0.5432746594055526
15	0.8046594982078853	0.4801226784747069
16	0.8198924731182796	0.49130200183621336
17	0.8100358422939068	0.4898930670945521
18	0.8136200716845878	0.44554958299209435
19	0.8136200716845878	0.4705912558528265
20	0.8082437275985663	0.5193373694206909
21	0.8207885304659498	0.5116355520123334
22	0.8082437275985663	0.43340992258590705
23	0.8082437275985663	0.4937418581850222
24	0.8028673835125448	0.5093887551381777
25	0.8127240143369175	0.46377321059716703
