1	0.6477084483710657	0.3140939505520869
2	0.7018221976808393	0.40052029180639015
3	0.732744340143567	0.5380509379460126
4	0.7426836002208724	0.5692682127984855
5	0.7493097736057427	0.6030848756988081
6	0.7498619547211486	0.5992080097010397
7	0.755935946990613	0.6381572295089512
8	0.7493097736057427	0.6052012959298532
9	0.7603533959138598	0.647197369062178
10	0.7526228602981778	0.6278170615260317
11	0.7658752070679182	0.641764316652375
12	0.7459966869133076	0.6188226064440325
13	0.7321921590281613	0.5941169796419066
14	0.748205411374931	0.6189554309660479
15	0.7614577581446714	0.6367942196656708
16	0.7504141358365544	0.6221159011960811
17	0.7553837658752071	0.6300787463344446
18	0.7459966869133076	0.6116180275836017
19	0.7515184980673661	0.6240426180542596
20	0.7349530646051905	0.6168081453971419
