1	0.7552140504939627	0.17732551971721613
2	0.7552140504939627	0.19165393065240233
3	0.7596048298572997	0.1999417224359175
4	0.7738748627881449	0.2807229016606657
5	0.7650933040614709	0.24509705755616534
6	0.756311745334797	0.23803373609435746
7	0.7881448957189902	0.331810357358888
8	0.7914379802414928	0.35260555248979303
9	0.8002195389681669	0.3932371378029461
10	0.8046103183315039	0.38890129914940685
11	0.8024149286498353	0.4247114918286574
12	0.8013172338090011	0.4504362561476251
13	0.8111964873765093	0.4777170424149867
14	0.814489571899012	0.48732640457556026
15	0.7870472008781558	0.46610546770553396
16	0.8079034028540066	0.5564887715562109
17	0.7914379802414928	0.42371548648638435
18	0.8046103183315039	0.4722269186493884
19	0.8079034028540066	0.4859711257324866
20	0.8035126234906695	0.5003841956801913
21	0.8111964873765093	0.5141883018425757
22	0.8079034028540066	0.46612652685700995
23	0.8035126234906695	0.49343617542968027
24	0.8035126234906695	0.5206731230097508
25	0.7947310647639956	0.5113217626220149
26	0.8079034028540066	0.5184253522545337
27	0.8090010976948409	0.5209702672785712
