1	0.8095652173913044	0.20032516503104741
2	0.8104347826086956	0.22721940828697929
3	0.8165217391304348	0.23809615766562423
4	0.8365217391304348	0.34864477326452925
5	0.8382608695652174	0.3478176047122389
6	0.8391304347826087	0.4480444297994888
7	0.8434782608695652	0.4210590060596752
8	0.8417391304347827	0.5322760103552562
9	0.8443478260869566	0.4654946513879342
10	0.8330434782608696	0.5212690707017995
11	0.8478260869565217	0.5565580554087707
12	0.8460869565217392	0.4600379469961015
13	0.8417391304347827	0.4506171341476517
14	0.8426086956521739	0.5463265784659936
15	0.8469565217391304	0.5627417112481199
16	0.8434782608695652	0.5000500982711177
17	0.8417391304347827	0.5373890742660365
18	0.8330434782608696	0.5150395748028667
19	0.8391304347826087	0.4916752600134802
20	0.8452173913043478	0.5692934359885495
21	0.8539130434782609	0.539056742352777
22	0.8347826086956521	0.49378246392955183
23	0.8504347826086956	0.5631117162090613
24	0.8443478260869566	0.5585607567415201
25	0.8391304347826087	0.47296522262270113
26	0.8495652173913043	0.5639770029111051
27	0.8417391304347827	0.5039012710730255
28	0.8486956521739131	0.5421350325405803
29	0.8426086956521739	0.5283917252615316
30	0.8365217391304348	0.5495096359461669
31	0.8460869565217392	0.5334008398007228
