1	0.8184713375796179	0.2112074469289706
2	0.8359872611464968	0.2925605936119955
3	0.8343949044585988	0.2420584926493033
4	0.8343949044585988	0.3467503756734872
5	0.8455414012738853	0.3692580065338382
6	0.8439490445859873	0.34407259298272974
7	0.8280254777070064	0.49264252327783215
8	0.8479299363057324	0.40705548339143005
9	0.857484076433121	0.5049294143993411
10	0.839968152866242	0.5190296688964259
11	0.8359872611464968	0.5196239075741657
12	0.8423566878980892	0.4956331796288024
13	0.8503184713375797	0.4900268641598692
14	0.8471337579617835	0.45460212067437633
15	0.8463375796178344	0.5016424993345348
16	0.8423566878980892	0.4909530621808567
17	0.8511146496815286	0.49189399278646206
18	0.8423566878980892	0.4893720614162206
19	0.8455414012738853	0.469242140351138
20	0.8415605095541401	0.5224203464800881
21	0.8375796178343949	0.4731082337940967
22	0.8375796178343949	0.48784807943222086
23	0.8463375796178344	0.4935723653203283
24	0.8431528662420382	0.47318825436690437
25	0.8415605095541401	0.5093001011075432
26	0.8304140127388535	0.4726335528882982
27	0.8415605095541401	0.5066832048781788
28	0.8367834394904459	0.49902434276719443
29	0.8296178343949044	0.42960326336703947
30	0.8447452229299363	0.5176439640978159
31	0.8351910828025477	0.4861312296094905
