1	0.6628971459343026	0.3331724666945437
2	0.7038233710285406	0.41369221186051996
3	0.7366720516962844	0.5092889928540241
4	0.7409800753904147	0.5589859900968528
5	0.7334410339256866	0.5967823986276595
6	0.752827140549273	0.5981744476295459
7	0.7668282175551966	0.6532980444001746
8	0.7716747442110932	0.6668387151854729
9	0.7668282175551966	0.6472325510866909
10	0.7619816908992999	0.6469185451609374
11	0.7754442649434572	0.6702097932568367
12	0.7544426494345718	0.6278130845361696
13	0.778675282714055	0.6668019240443808
14	0.7727517501346257	0.6475481560390859
15	0.7652127086698977	0.646546951301149
16	0.7781367797522887	0.6626333484873076
17	0.7797522886375875	0.6740913025563854
18	0.7641357027463651	0.6384094264780209
19	0.7662897145934303	0.6559182263367227
20	0.7657512116316639	0.6457385198323804
21	0.7711362412493269	0.6645509879155529
22	0.7743672590199246	0.6640713993204073
23	0.7582121701669359	0.647981832228617
24	0.7749057619816909	0.663657269840026
25	0.7635971997845988	0.6484286662838074
26	0.7646742057081314	0.6535745133364574
27	0.7662897145934303	0.6490628394845099
28	0.7711362412493269	0.658053823190496
